<?xml version="1.0"?>
<opencv_storage>
<calib type_id="opencv-matrix">
  <rows>3</rows>
  <cols>3</cols>
  <dt>d</dt>
  <data>
    5.2608943791090508e+02 0. 3.0883862711047942e+02 0.
    5.2357031991727604e+02 2.2721958281478004e+02 0. 0. 1.</data></calib>
<dist type_id="opencv-matrix">
  <rows>5</rows>
  <cols>1</cols>
  <dt>d</dt>
  <data>
    1.0192014836655122e-01 -4.2201422066881550e-01
    3.3940056740032839e-04 -3.0098370696868952e-03
    4.4887218275292295e-01</data></dist>
</opencv_storage>
